0,0.004246393371086604,0.0048030374002687734,0.003351775222610845,0.005033268081160356,0.005783972378214827,0.0065518661439544525,0.0032896434635450605,0.005385154995920294,0.0034017551369116853,0.004537064281172374,0.0024271121502850257,0.005891492953009181,0.004716315981943264,0.004767821146125653,0.005981815692648929,
1,0.006461776738603863,0.003104916510674062,0.002300762766385779,0.002623362733094929,0.0044444444444444444,0.006501520639988524,0.005990442891599954,0.0061633991540877555,0.003013320025715858,0.005544428534125953,0.0037973796076371906,0.00627771244466885,0.005771655203795686,0.0040858514886201154,0.003280127825119771,
2,0.002356216592504243,0.00496349349802695,0.0029506026510184445,0.006534350514191444,0.005584172225928502,0.0048281235814815904,0.005484774676815713,0.0027254897348011333,0.003588566572398334,0.003500933021435394,0.004709847844324159,0.002688886204205999,0.006647116347046102,0.005871435050718677,0.006427217829480958,
3,0.00425628890009519,0.006134887106551094,0.004874917578796914,0.005537113666278044,0.004770286419136896,0.005245333732874257,0.002461671059407931,0.003930201399644823,0.005059426914928459,0.003740648703377299,0.0056909233666324185,0.004686497380350332,0.005678662466283654,0.004045815478587575,0.002432991405164649,
4,0.00269349762262363,0.0032102264226052347,0.006195391266265259,0.005938286237870445,0.006294112536307451,0.0042023915085385565,0.005300322316490555,0.0054871337519772035,0.004668543351906683,0.0052425658968358315,0.002754001782337795,0.006462097592058668,0.0023545383746974443,0.004388542739404964,0.005387955867453495,
5,0.00382946197396043,0.005242732109157627,0.0036435551560146315,0.0022232661586853632,0.004679223464990343,0.0037457285664725588,0.002645611794256311,0.005089414898930804,0.002790872712293932,0.0025549075033285953,0.004958687489244066,0.0037286549036411867,0.00417904104456473,0.004894670625705741,0.003071916399667014,
6,0.005925518712661299,0.003793465904770125,0.004076682460251888,0.0025445242829325804,0.00514824018551159,0.0037207507088210957,0.004602407283319374,0.0031979655222564704,0.006333981385560294,0.005875568863173031,0.0024267912968302208,0.002337022744934436,0.004216693647762005,0.004232414812161714,0.0063443646059563085,
7,0.0057401577811316724,0.0034041142120731756,0.0046424955178022845,0.005574869101071226,0.005608761063769118,0.003916015913146928,0.004972872975741961,0.004286481605569515,0.006596303409896339,0.0031487311077572164,0.004351824607716515,0.003017453838170212,0.004500346149483925,0.003055808537788733,0.004632599988793699,
8,0.003964934846560746,0.006523727906936021,0.004172572906945625,0.006098016176594957,0.004121067742763236,0.0042941669139525355,0.0036463229920530573,0.005168138180067793,0.002983124777560582,0.00395499021313303,0.005599245425343829,0.002278791236446606,0.003925395390861939,0.00223711543291833,0.0036932871886443284,
9,0.0045419937184243975,0.00645589748372424,0.004843073410301314,0.005530218938048468,0.0029415356673213816,0.004264931391778931,0.0051956017002445605,0.0051431603224163305,0.003117233685093203,0.0023873682489003647,0.005816972489221875,0.003358669950840421,0.004656474076727175,0.004118602469751993,0.004941432929933806,
10,0.00505430232934914,0.006658708347031616,0.00539467300676644,0.0035747171840499873,0.005304118649868112,0.003910322029358797,0.0040607653074072984,0.006532672296384646,0.004923954042328143,0.005977166592572746,0.003314019787817663,0.00626552615579396,0.005091509281251698,0.006610097652442283,0.002911722296316143,
11,0.0036461567797312616,0.002794846340609286,0.003855620807728533,0.0050954229841187635,0.003994218263183148,0.002594776352581438,0.006243277094632578,0.0037994739899580845,0.002230180541857273,0.003389544094142315,0.005833080351100156,0.006094042548279603,0.002611176444220039,0.005314171704838901,0.004220345536982206,
12,0.004722636934346814,0.0052145946593872726,0.0036742942295016168,0.004166251954542075,0.00658812612250311,0.002365160981952868,0.006264595959801273,0.0049248703438867485,0.005499344794746574,0.006651773455970559,0.002506322121006279,0.003304716662960387,0.0028984459972889345,0.004672195241126884,0.006665622730203526,
13,0.005905764111328307,0.00529882753837328,0.005039291596225943,0.003590061350515609,0.00620000268468289,0.0038495972926629457,0.0035847702390207777,0.005947353221567507,0.004812206428637001,0.004346895170464491,0.003494215882122449,0.00229258547899255,0.00638256676788261,0.004594721974936353,0.003947455958955083,
14,0.0029633701762275893,0.0040139713100919745,0.004933898675755859,0.002624292929087616,0.004978566859530092,0.00396401854500214,0.0033444603547629357,0.003503733892968595,0.0029070731962399596,0.005160233985247702,0.0022417725418427867,0.004209665423898546,0.004623957497109958,0.003834586559539749,0.002997395935879708,
