1.0,-1.0,0.8745785569790965,-0.42068965517241375,0.31269349845201244,0.06666666666666665,0.24691358024691357,0.597938144329897,0.33464566929133865,-0.36363636363636365,0.1955307262569832,-0.06153846153846154,0.06432748538011701,0.665,0.17261904761904767
1.0,-1.0,0.7855697909642616,0.37241379310344835,0.41795665634674917,0.16666666666666674,0.27160493827160503,0.3608247422680413,0.03543307086614167,-0.030303030303030276,-0.07262569832402244,-0.3292307692307692,-0.040935672514619936,0.5,-0.19047619047619047
2.0,-1.0,0.8435603506405933,-0.5689655172413792,0.18885448916408665,0.19999999999999996,0.16049382716049387,0.08247422680412386,-0.29527559055118113,-0.030303030303030276,-0.5921787709497207,-0.41538461538461546,0.4385964912280702,0.22999999999999998,-0.25
3.0,-1.0,0.6520566419420095,0.6275862068965516,0.5727554179566563,0.3999999999999999,0.09876543209876543,-0.2886597938144331,-0.8149606299212598,0.606060606060606,-0.553072625698324,-0.4076923076923077,-0.12280701754385959,-0.365,-0.1428571428571429
1.0,-1.0,0.743762643290627,0.31034482758620685,0.6408668730650153,0.24,0.2592592592592593,0.24226804123711343,-0.051181102362204633,-0.24242424242424243,0.1061452513966481,-0.3076923076923077,0.20467836257309946,0.76,-0.08333333333333337
2.0,-1.0,0.6291301416048549,-0.28275862068965507,0.05263157894736836,0.16666666666666674,0.19753086419753085,0.14948453608247414,-0.14566929133858275,-0.21212121212121215,-0.2178770949720671,-0.49230769230769234,0.48538011695906436,0.48,-0.15476190476190477
3.0,-1.0,0.8206338503034389,0.07586206896551739,0.6222910216718267,0.6000000000000001,0.5185185185185186,-0.27835051546391754,-0.38188976377952755,-0.33333333333333337,-0.3016759776536313,0.32307692307692304,-0.3099415204678363,-0.35,-0.40476190476190477
1.0,-1.0,0.7626432906271072,-0.48275862068965514,0.30030959752321995,0.03333333333333344,0.2098765432098766,0.23711340206185572,0.03937007874015741,-0.1515151515151515,-0.23463687150837986,-0.4307692307692308,0.3801169590643274,0.345,0.2142857142857142
1.0,-1.0,0.7599460552933244,-0.43103448275862066,0.5789473684210524,0.19999999999999996,0.2098765432098766,0.2628865979381445,-0.04330708661417315,-0.12121212121212133,-0.1955307262569833,-0.34615384615384615,0.3099415204678364,0.2549999999999999,0.31547619047619047
1.0,-1.0,0.9892110586648686,-0.403448275862069,0.47987616099071206,-0.24,0.1234567901234569,0.597938144329897,0.4527559055118109,0.303030303030303,0.5698324022346368,-0.16923076923076918,0.4619883040935673,0.365,0.36904761904761907
3.0,-1.0,0.7329737019554956,0.12758620689655187,0.5975232198142415,0.46666666666666656,0.308641975308642,-0.14948453608247425,-0.7637795275590551,0.8181818181818181,-0.46368715083798884,-0.1415384615384615,0.01754385964912286,0.05499999999999994,-0.3214285714285714
3.0,-1.0,0.8489548213081592,0.9482758620689657,0.51702786377709,0.3666666666666667,0.1728395061728396,-0.134020618556701,-0.7598425196850394,0.5757575757575757,-0.4078212290502793,0.18461538461538463,-0.2514619883040935,-0.13,-0.11904761904761907
2.0,-1.0,0.5697909642616319,-0.289655172413793,0.5232198142414861,0.44000000000000017,0.03703703703703698,0.005154639175257714,-0.33464566929133865,0.45454545454545436,-0.24581005586592175,-0.5692307692307692,0.16959064327485374,0.375,-0.19047619047619047
2.0,-1.0,0.5670937289278488,-0.3137931034482758,0.4117647058823528,0.19999999999999996,0.2098765432098766,0.5567010309278351,-0.11023622047244108,-0.48484848484848486,-0.24581005586592175,-0.5,0.35672514619883033,0.48,-0.5892857142857143
3.0,-1.0,0.9339177343223195,-0.42068965517241375,0.6718266253869971,0.6666666666666667,0.2098765432098766,0.44329896907216493,-0.48425196850393704,0.606060606060606,0.5083798882681565,1.0,-0.33333333333333337,-0.020000000000000018,-0.2142857142857143
1.0,-1.0,0.8718813216453136,-0.34827586206896555,0.6037151702786376,0.0,0.24691358024691357,0.6752577319587629,0.40157480314960625,-0.48484848484848486,-0.05027932960893855,-0.1646153846153846,0.029239766081871288,0.78,0.3035714285714286
2.0,-1.0,0.657451112609575,-0.5137931034482759,0.22600619195046434,0.06666666666666665,0.04938271604938271,0.31443298969072164,-0.015748031496062964,-0.12121212121212133,-0.011173184357541888,-0.5538461538461539,0.4385964912280702,0.3700000000000001,-0.4904761904761905
3.0,-1.0,0.7680377612946729,-0.3448275862068966,0.7027863777089782,0.7,0.4320987654320987,0.13402061855670122,-0.49606299212598426,-0.21212121212121215,-0.12849162011173187,0.0923076923076922,-0.2865497076023392,-0.33499999999999996,-0.49404761904761907
2.0,-1.0,0.6129467296021578,-0.6241379310344828,0.4241486068111453,0.3999999999999999,0.24691358024691357,0.7422680412371134,-0.15748031496062986,-0.6060606060606061,-0.07821229050279332,-0.5061538461538462,0.1578947368421053,0.565,0.05476190476190479
3.0,-1.0,0.7356709372892785,0.5896551724137933,0.5356037151702786,0.43333333333333335,0.06172839506172845,-0.12371134020618557,-0.7440944881889764,0.4242424242424241,-0.5195530726256983,0.17692307692307696,-0.36842105263157887,-0.06999999999999995,-0.25595238095238093
2.0,-1.0,0.7046527309507755,-0.5310344827586206,0.25077399380804954,0.1200000000000001,0.23456790123456783,0.04123711340206193,-0.4448818897637795,0.606060606060606,-0.6536312849162011,-0.11538461538461542,0.14619883040935666,-0.20499999999999996,-0.4642857142857143
2.0,-1.0,0.657451112609575,-0.44482758620689655,0.368421052631579,0.3599999999999999,0.27160493827160503,-0.4329896907216494,-0.5984251968503937,0.1212121212121211,-0.18435754189944142,-0.5307692307692308,0.05964912280701751,-0.08999999999999997,0.03571428571428581
2.0,-1.0,0.6682400539447066,-0.6758620689655173,-0.1578947368421052,-0.29333333333333333,0.08641975308641969,0.020618556701030855,-0.7755905511811023,-0.1515151515151515,-0.7653631284916201,-0.7,0.22807017543859653,-0.08999999999999997,-0.38095238095238093
1.0,-1.0,0.7936614969656104,-0.40689655172413797,0.32507739938080493,0.1333333333333333,0.16049382716049387,0.23711340206185572,-0.13779527559055127,-0.18181818181818177,-0.24581005586592175,-0.39230769230769225,0.19298245614035103,0.385,0.5297619047619047
2.0,-1.0,0.5967633175994604,-0.0034482758620688614,0.3808049535603715,0.19999999999999996,0.382716049382716,-0.11340206185567014,-0.4803149606299213,0.303030303030303,-0.46927374301675984,-0.5923076923076923,0.12280701754385959,0.26,-0.40476190476190477
2.0,-1.0,0.7086985839514497,-0.6620689655172414,0.38699690402476805,0.19999999999999996,0.22222222222222232,0.13402061855670122,-0.2362204724409449,-0.09090909090909094,-0.18435754189944142,-0.5969230769230769,0.4385964912280702,0.5800000000000001,-0.4642857142857143
2.0,-1.0,0.7599460552933244,1.0,0.3188854489164086,0.43333333333333335,0.06172839506172845,0.35051546391752586,0.04330708661417315,-0.09090909090909094,0.12290502793296065,-0.6,-0.14619883040935677,0.55,-0.5476190476190477
2.0,-1.0,0.6884693189480782,-0.16206896551724126,0.3436532507739938,0.3999999999999999,0.08641975308641969,0.31443298969072164,-0.10629921259842523,-0.21212121212121215,-0.3184357541899442,-0.6923076923076923,0.05263157894736836,0.3899999999999999,-0.6130952380952381
1.0,-1.0,0.8314227916385704,-0.4275862068965517,0.4613003095975232,0.27333333333333343,0.308641975308642,0.4742268041237112,0.2559055118110236,-0.33333333333333337,0.0893854748603351,0.06153846153846154,0.2748538011695907,0.43999999999999995,0.8035714285714286
1.0,-1.0,0.901550910316925,-0.2551724137931034,0.4241486068111453,0.19999999999999996,0.2962962962962963,0.5206185567010311,0.30708661417322825,-0.33333333333333337,0.32960893854748585,-0.11538461538461542,0.4619883040935673,0.585,0.7976190476190477
1.0,-1.0,0.8206338503034389,-0.3758620689655172,0.6160990712074303,0.33333333333333326,0.18518518518518512,0.3041237113402062,0.027559055118110187,-0.1515151515151515,-0.07262569832402244,-0.4584615384615385,0.3099415204678364,0.9099999999999999,0.005952380952380931
3.0,-1.0,0.73701955495617,0.031034482758620863,0.4860681114551084,0.33333333333333326,0.28395061728395055,-0.3298969072164948,-0.5196850393700787,-0.2727272727272728,-0.5363128491620113,-0.16923076923076918,-0.13450292397660812,-0.29000000000000004,-0.36904761904761907
3.0,-1.0,0.8583951449763991,-0.048275862068965614,0.4241486068111453,0.46666666666666656,0.11111111111111116,-0.3041237113402061,-0.7322834645669292,0.2424242424242422,-0.4245810055865922,0.4738461538461538,-0.18128654970760238,-0.16000000000000003,-0.2678571428571429
2.0,-1.0,0.6682400539447066,-0.596551724137931,0.18885448916408665,0.30666666666666687,-0.03703703703703709,0.08762886597938135,-0.21259842519685046,-0.18181818181818177,-0.4189944134078212,-0.28,0.3099415204678364,0.74,-0.3928571428571429
3.0,-1.0,0.6871207012811869,-0.5724137931034483,0.3931888544891642,0.16666666666666674,0.04938271604938271,0.030927835051546504,-0.7716535433070866,0.8181818181818181,-0.3016759776536313,-0.16153846153846152,-0.12280701754385959,-0.245,-0.22619047619047616
2.0,-1.0,0.7154416722859069,-0.3758620689655172,0.36222910216718285,0.2533333333333334,0.06172839506172845,0.13402061855670122,-0.003937007874015852,-0.21212121212121215,-0.011173184357541888,-0.4,0.35672514619883033,0.5700000000000001,-0.15000000000000002
2.0,-1.0,0.6412677006068779,-0.5,0.5665634674922599,0.2666666666666666,0.28395061728395055,-0.02577319587628868,-0.3110236220472441,0.36363636363636354,-0.4245810055865922,-0.5461538461538461,0.695906432748538,0.11499999999999999,-0.5773809523809523
1.0,-1.0,1.0,-0.43448275862068964,0.3436532507739938,-0.06666666666666665,0.19753086419753085,0.44329896907216493,0.17322834645669283,-0.12121212121212133,0.1061452513966481,-0.19999999999999996,0.26315789473684226,0.42500000000000004,0.24404761904761907
2.0,-1.0,0.6871207012811869,-0.403448275862069,0.22600619195046434,0.3666666666666667,0.04938271604938271,0.13402061855670122,-0.2440944881889764,-0.030303030303030276,-0.17318435754189943,-0.5476923076923077,0.2163742690058481,0.7849999999999999,-0.19999999999999996
2.0,-1.0,0.5724881995954147,-0.3517241379310345,0.18885448916408665,0.06666666666666665,0.19753086419753085,-0.1701030927835051,-0.38188976377952755,0.030303030303030276,-0.35754189944134085,-0.41538461538461546,0.4385964912280702,0.07000000000000006,-0.4904761904761905
2.0,-1.0,0.6183412002697235,-0.47931034482758617,0.4984520123839009,0.46666666666666656,0.06172839506172845,-0.25257731958762886,-0.5078740157480315,0.5151515151515151,-0.08938547486033532,-0.4461538461538461,0.22807017543859653,0.32499999999999996,-0.4642857142857143
1.0,-1.0,0.9393122049898854,0.23793103448275854,0.4117647058823528,0.06666666666666665,0.2592592592592593,0.6752577319587629,0.24803149606299213,-0.18181818181818177,0.22346368715083798,-0.24615384615384606,0.2163742690058481,0.72,0.2678571428571428
3.0,-1.0,0.8462575859743762,0.12413793103448278,0.5727554179566563,0.33333333333333326,0.32098765432098775,-0.05670103092783496,-0.7795275590551181,0.5151515151515151,-0.553072625698324,-0.0953846153846154,0.12280701754385959,-0.08999999999999997,-0.19047619047619047
1.0,-1.0,0.808496291301416,0.32413793103448274,0.31269349845201244,0.2533333333333334,0.11111111111111116,0.2628865979381445,0.0551181102362206,-0.18181818181818177,-0.17318435754189943,-0.34153846153846146,0.06432748538011701,0.5,0.2321428571428572
3.0,-1.0,0.7316250842886041,0.020689655172413834,0.6160990712074303,0.6000000000000001,0.24691358024691357,0.19587628865979378,-0.7637795275590551,0.606060606060606,-0.547486033519553,-0.24307692307692308,0.040935672514619936,0.07499999999999996,-0.29761904761904767
3.0,-1.0,0.7639919082939985,0.3448275862068966,0.4613003095975232,0.43333333333333335,0.3950617283950617,-0.2731958762886598,-0.4527559055118111,0.030303030303030276,-0.36312849162011185,0.4461538461538461,-0.33333333333333337,-0.33499999999999996,-0.34523809523809523
2.0,-1.0,0.6682400539447066,-0.6103448275862069,0.33746130030959764,0.2666666666666666,0.07407407407407418,0.8041237113402062,0.22047244094488194,-0.4242424242424243,0.04469273743016755,-0.3153846153846154,0.42690058479532156,0.43500000000000005,-0.5
1.0,-1.0,0.8691840863115305,-0.5344827586206896,0.4055727554179567,0.06666666666666665,0.2098765432098766,0.5360824742268042,0.24015748031496065,-0.33333333333333337,0.033519553072625774,0.11076923076923073,0.18128654970760238,0.7749999999999999,0.24404761904761907
1.0,-1.0,0.8570465273095076,-0.3448275862068966,0.6594427244582044,0.14000000000000012,0.4197530864197532,0.5463917525773196,0.09842519685039375,0.18181818181818188,-0.06145251396648055,-0.03076923076923077,0.3216374269005846,0.4650000000000001,0.6369047619047619
2.0,-1.0,0.6641942009440323,-0.15517241379310331,0.5232198142414861,0.3999999999999999,0.2098765432098766,0.31958762886597936,-0.1692913385826772,0.030303030303030276,-0.2681564245810055,-0.5692307692307692,-0.0643274853801169,0.69,-0.47857142857142854
1.0,-1.0,0.8530006743088334,-0.4241379310344827,0.3931888544891642,0.09333333333333327,0.45679012345679015,0.34020618556701043,0.1417322834645669,-0.36363636363636365,-0.0949720670391061,-0.10000000000000009,0.07602339181286566,0.6000000000000001,0.26190476190476186
3.0,-1.0,0.7896156439649358,0.4758620689655173,0.3993808049535603,0.33333333333333326,0.4814814814814814,-0.18041237113402053,-0.7283464566929134,0.303030303030303,-0.24581005586592175,0.5692307692307692,-0.3099415204678363,-0.21999999999999997,-0.005952380952380931
1.0,-1.0,0.854349291975725,-0.403448275862069,0.4922600619195048,0.06666666666666665,0.09876543209876543,0.34020618556701043,0.0866141732283463,-0.12121212121212133,0.011173184357541999,-0.13846153846153852,0.3450292397660817,0.44999999999999996,0.5714285714285714
1.0,-1.0,0.8489548213081592,-0.35862068965517235,0.4613003095975232,0.10666666666666669,0.24691358024691357,0.3453608247422679,0.13385826771653542,-0.18181818181818177,-0.05586592178770955,-0.41538461538461546,0.29824561403508776,1.0,0.2321428571428572
1.0,-1.0,0.9379635873229939,-0.3275862068965517,0.5479876160990713,0.1200000000000001,0.3950617283950617,0.9845360824742269,0.37401574803149606,-0.2727272727272728,0.2178770949720672,0.19999999999999996,0.005847953216374213,0.7250000000000001,0.7619047619047619
2.0,-1.0,0.6277815239379636,-0.2551724137931034,0.3436532507739938,0.3999999999999999,0.04938271604938271,0.34020618556701043,0.04330708661417315,0.1212121212121211,-0.24581005586592175,-0.5753846153846154,0.005847953216374213,0.6399999999999999,-0.55
2.0,-1.0,0.6466621712744438,-0.5896551724137931,0.08359133126934992,0.1200000000000001,0.8641975308641976,-0.046391752577319534,-0.49606299212598426,-0.5757575757575757,0.3966480446927374,-0.5615384615384615,0.497076023391813,0.5349999999999999,-0.14523809523809528
3.0,-1.0,0.8017532029669587,-0.11724137931034473,0.4551083591331271,0.33333333333333326,0.09876543209876543,-0.27835051546391754,-0.8031496062992126,0.1212121212121211,-0.6424581005586592,-0.13846153846153852,-0.18128654970760238,0.2350000000000001,-0.0714285714285714
2.0,-1.0,0.6749831422791639,-0.12068965517241381,0.4055727554179567,0.46666666666666656,0.11111111111111116,-0.134020618556701,-0.2755905511811023,1.0,-0.2067039106145252,-0.5846153846153845,0.005847953216374213,0.6499999999999999,-0.625
2.0,-1.0,0.722184760620364,0.1827586206896552,0.22600619195046434,0.06666666666666665,-0.012345679012345734,-0.15979381443298968,-0.5078740157480315,0.303030303030303,-0.5363128491620113,-0.4769230769230769,-0.18128654970760238,0.06000000000000005,-0.5571428571428572
2.0,-1.0,0.6183412002697235,0.1827586206896552,0.23839009287925705,0.2666666666666666,0.07407407407407418,0.030927835051546504,-0.35433070866141736,0.1212121212121211,0.04469273743016755,-0.803076923076923,0.08771929824561409,0.5249999999999999,-0.3285714285714286
1.0,-1.0,0.9150370869858393,-0.3931034482758621,0.51702786377709,0.013333333333333197,0.382716049382716,0.6855670103092784,0.33464566929133865,0.030303030303030276,0.1005586592178771,0.03846153846153855,0.22807017543859653,0.42500000000000004,0.7261904761904763
1.0,-1.0,0.8179366149696561,-0.3758620689655172,0.4922600619195048,0.3666666666666667,0.23456790123456783,0.3917525773195878,0.17322834645669283,-0.21212121212121215,0.03910614525139677,-0.2153846153846154,0.2163742690058481,0.7350000000000001,0.09523809523809534
3.0,-1.0,0.7963587322993932,0.11724137931034484,0.4736842105263157,0.43333333333333335,0.1358024691358024,-0.005154639175257714,-0.7007874015748031,0.36363636363636354,-0.3016759776536313,0.29538461538461536,-0.35672514619883033,-0.18999999999999995,-0.22619047619047616
2.0,-1.0,0.8192852326365476,-0.4275862068965517,0.38699690402476805,0.6000000000000001,0.07407407407407418,-0.030927835051546393,-0.2755905511811023,-0.18181818181818177,-0.4245810055865922,-0.4246153846153846,0.14619883040935666,0.3899999999999999,-0.4380952380952381
2.0,-1.0,0.5711395819285232,-0.4241379310344827,0.6222910216718267,0.7333333333333334,0.08641975308641969,-0.010309278350515427,-0.3661417322834646,0.21212121212121215,-0.25139664804469275,-0.6,0.5906432748538013,0.605,-0.330952380952381
3.0,-1.0,0.9055967633175996,0.4137931034482758,0.6965944272445821,0.6333333333333333,0.18518518518518512,0.05670103092783507,-0.7007874015748031,0.696969696969697,-0.24581005586592175,0.41538461538461524,-0.2865497076023392,-0.19999999999999996,-0.33333333333333337
2.0,-1.0,0.5441672285906944,-0.1724137931034483,0.4984520123839009,0.33333333333333326,0.18518518518518512,0.4948453608247423,0.09842519685039375,-0.030303030303030276,0.022346368715083775,-0.5,-0.0643274853801169,0.6950000000000001,-0.25595238095238093
1.0,-1.0,0.8961564396493595,-0.2586206896551724,0.6160990712074303,0.17333333333333334,0.49382716049382713,0.34020618556701043,-0.011811023622047334,-0.06060606060606066,-0.3016759776536313,-0.22307692307692306,0.23976608187134518,0.79,0.5416666666666667
3.0,-1.0,0.7747808496291302,0.2310344827586206,0.3312693498452013,0.3999999999999999,0.2592592592592593,-0.22680412371134018,-0.7834645669291338,0.303030303030303,-0.2737430167597765,-0.3846153846153846,-0.29824561403508776,-0.16000000000000003,-0.011904761904761862
2.0,-1.0,0.6749831422791639,-0.44482758620689655,0.35603715170278627,0.5,0.33333333333333326,0.030927835051546504,-0.17716535433070868,0.030303030303030276,-0.1005586592178771,-0.6830769230769231,0.23976608187134518,0.48,-0.5892857142857143
2.0,-1.0,0.7154416722859069,-0.39655172413793105,0.4117647058823528,0.5,0.03703703703703698,-0.2886597938144331,-0.30708661417322836,0.45454545454545436,-0.08938547486033532,-0.49230769230769234,0.029239766081871288,0.20999999999999996,-0.419047619047619
1.0,-1.0,0.8219824679703305,-0.3793103448275862,0.6408668730650153,0.2666666666666666,0.3580246913580247,0.21134020618556715,-0.003937007874015852,-0.12121212121212133,-0.13966480446927376,-0.3538461538461538,0.28654970760233933,0.43500000000000005,0.3035714285714286
2.0,-1.0,0.6749831422791639,0.5275862068965518,0.6904024767801857,0.7666666666666666,0.2592592592592593,0.13402061855670122,-0.16141732283464572,0.303030303030303,-0.04469273743016766,-0.6799999999999999,0.07602339181286566,0.56,-0.5654761904761905
3.0,-1.0,0.8071476736345247,0.586206896551724,0.7708978328173375,0.6666666666666667,0.382716049382716,0.020618556701030855,-0.6220472440944882,-0.18181818181818177,-0.3798882681564245,0.3076923076923077,-0.21637426900584789,-0.040000000000000036,-0.25
2.0,-1.0,0.5927174645987863,-0.2689655172413793,0.6965944272445821,0.43333333333333335,0.654320987654321,-0.17525773195876282,-0.610236220472441,-0.5757575757575757,-0.12849162011173187,-0.6153846153846154,0.11111111111111116,0.1299999999999999,-0.25595238095238093
3.0,-1.0,0.8516520566419421,0.5034482758620691,0.3993808049535603,0.5,0.08641975308641969,-0.3402061855670103,-0.8149606299212598,0.5757575757575757,-0.35754189944134085,0.01846153846153853,-0.08771929824561397,-0.125,-0.38095238095238093
2.0,-1.0,0.5590020229265005,-0.2931034482758621,1.0,0.8999999999999999,0.4691358024691359,0.6391752577319589,1.0,0.4242424242424241,0.04469273743016755,-0.07692307692307687,0.08771929824561409,0.845,-0.4464285714285714
3.0,-1.0,0.8368172623061361,0.7068965517241381,0.4551083591331271,0.33333333333333326,0.1358024691358024,0.030927835051546504,-0.6850393700787402,0.4242424242424241,-0.4301675977653632,-0.32307692307692304,0.06432748538011701,0.02499999999999991,-0.34523809523809523
1.0,-1.0,0.9177343223196224,0.37586206896551744,0.5541795665634675,-0.12,0.5802469135802468,0.5463917525773196,0.1968503937007875,-0.3939393939393939,0.16201117318435765,-0.2153846153846154,0.040935672514619936,0.7649999999999999,-0.09523809523809523
3.0,-1.0,0.8718813216453136,0.7379310344827588,0.3808049535603715,0.33333333333333326,-0.012345679012345734,-0.4948453608247423,-0.8661417322834646,0.21212121212121215,-0.6201117318435754,-0.24615384615384606,-0.32163742690058483,-0.33499999999999996,-0.5059523809523809
1.0,-1.0,0.9163857046527311,0.3931034482758622,0.5108359133126934,0.26,0.37037037037037046,0.4690721649484537,0.04330708661417315,-0.09090909090909094,-0.3016759776536313,-0.19384615384615378,0.01754385964912286,0.665,0.2857142857142858
1.0,-1.0,0.928523263654754,-0.33793103448275863,0.6842105263157896,0.33333333333333326,0.4814814814814814,0.44329896907216493,0.2362204724409449,0.0,0.1005586592178771,-0.0461538461538461,0.2514619883040936,0.32499999999999996,0.5238095238095237
2.0,-1.0,0.6291301416048549,-0.36896551724137927,0.436532507739938,0.2333333333333334,0.0,-0.17525773195876282,-0.40944881889763785,0.5757575757575757,-0.08379888268156432,-0.6307692307692307,0.26315789473684226,0.135,-0.4285714285714286
2.0,-1.0,0.7599460552933244,0.3310344827586207,0.436532507739938,0.5,0.04938271604938271,-0.14948453608247425,-0.37401574803149606,0.8484848484848484,-0.0949720670391061,-0.2615384615384616,-0.01754385964912286,0.004999999999999893,-0.38690476190476186
1.0,-1.0,0.8449089683074849,-0.36896551724137927,0.4613003095975232,0.14666666666666672,0.28395061728395055,0.24742268041237114,0.059055118110236116,0.2727272727272727,0.1005586592178771,-0.4092307692307693,0.4385964912280702,0.43500000000000005,0.1785714285714286
2.0,-1.0,0.6682400539447066,-0.5827586206896551,0.585139318885449,0.20666666666666678,0.2098765432098766,0.24742268041237114,0.04330708661417315,0.1212121212121211,0.16201117318435765,-0.2923076923076924,0.39181286549707606,0.1499999999999999,-0.19285714285714284
2.0,-1.0,0.545515846257586,0.28965517241379324,0.12693498452012397,0.30000000000000004,0.32098765432098775,0.6391752577319589,0.015748031496062964,-0.2727272727272728,1.0,-0.5538461538461539,-0.12280701754385959,0.405,-0.330952380952381
3.0,-1.0,0.7478084962913014,0.18965517241379315,0.4551083591331271,0.2333333333333334,0.308641975308642,-0.28350515463917525,-0.7244094488188977,0.21212121212121215,-0.4748603351955307,-0.1876923076923076,-0.20467836257309935,-0.125,-0.1964285714285714
2.0,-1.0,0.48752528658125405,-0.47931034482758617,0.36222910216718285,0.43333333333333335,0.04938271604938271,0.268041237113402,-0.14566929133858275,0.5757575757575757,0.12290502793296065,-0.7076923076923077,1.0,0.43500000000000005,-0.5154761904761904
2.0,-1.0,0.5940660822656778,-0.40689655172413797,0.16408668730650144,0.30000000000000004,0.06172839506172845,0.2886597938144331,-0.35433070866141736,0.1212121212121211,-0.2067039106145252,-0.6830769230769231,0.09941520467836251,0.21999999999999997,-0.5059523809523809
2.0,-1.0,0.6291301416048549,-0.6103448275862069,0.5541795665634675,0.6000000000000001,-0.03703703703703709,0.030927835051546504,-0.3779527559055118,0.21212121212121215,-0.2178770949720671,-0.6615384615384615,0.5321637426900585,0.3600000000000001,-0.25
3.0,-1.0,0.6790289952798381,0.04482758620689653,0.6346749226006192,0.8,0.19753086419753085,-0.020618556701030966,-0.7716535433070866,0.909090909090909,-0.36312849162011185,0.15384615384615374,-0.21637426900584789,-0.135,0.04761904761904767
2.0,-1.0,0.7572488199595413,-0.6896551724137931,0.05882352941176472,0.06666666666666665,0.06172839506172845,0.005154639175257714,-0.20078740157480324,-0.2727272727272728,-0.18435754189944142,-0.2923076923076924,0.39181286549707606,0.24,-0.5333333333333333
3.0,-1.0,0.7127444369521239,0.22413793103448265,0.4613003095975232,0.43333333333333335,0.308641975308642,-0.12371134020618557,-0.5275590551181102,-0.48484848484848486,-0.5307262569832403,-0.23076923076923073,-0.08771929824561397,-0.355,-0.2857142857142857
3.0,-1.0,0.6520566419420095,0.33793103448275863,0.36222910216718285,0.2333333333333334,0.382716049382716,-0.2886597938144331,-0.6929133858267716,-0.12121212121212133,-0.36312849162011185,0.2630769230769232,-0.23976608187134496,0.0,0.017857142857142794
1.0,-1.0,0.8287255563047877,-0.403448275862069,0.5232198142414861,0.3666666666666667,0.4320987654320987,0.5257731958762888,0.09448818897637778,-0.3939393939393939,0.36871508379888285,-0.038461538461538436,0.14619883040935666,0.5149999999999999,0.33333333333333326
2.0,-1.0,0.5387727579231287,-0.7448275862068965,0.5479876160990713,0.3999999999999999,0.08641975308641969,0.27835051546391765,-0.20866141732283472,0.2727272727272727,-0.1955307262569833,-0.5261538461538462,0.28654970760233933,0.15500000000000003,-0.4833333333333333
3.0,-1.0,0.6668914362778151,0.3206896551724139,0.4736842105263157,0.3999999999999999,0.08641975308641969,0.18556701030927836,-0.6377952755905512,0.5151515151515151,-0.4189944134078212,0.17692307692307696,-0.3450292397660818,-0.20999999999999996,-0.38095238095238093
1.0,-1.0,0.8287255563047877,-0.41034482758620694,0.4303405572755419,0.07999999999999985,0.4444444444444444,0.6237113402061856,0.295275590551181,0.030303030303030276,0.3072625698324021,-0.056923076923076965,0.11111111111111116,0.69,-0.0535714285714286
1.0,-1.0,0.8705327039784221,-0.3448275862068966,0.7337461300309596,0.2933333333333332,0.32098765432098775,0.5206185567010311,0.1692913385826773,0.1212121212121211,-0.016759776536312887,-0.3076923076923077,0.4619883040935673,0.7,0.08928571428571419
1.0,-1.0,0.7801753202966957,-0.38620689655172413,0.32507739938080493,-0.2533333333333334,0.23456790123456783,0.365979381443299,0.0866141732283463,-0.21212121212121215,-0.2849162011173184,-0.3261538461538461,0.22807017543859653,0.7,0.25
3.0,-1.0,0.743762643290627,-0.03103448275862064,0.6718266253869971,0.3999999999999999,0.18518518518518512,-0.2061855670103092,-0.8031496062992126,0.606060606060606,-0.5810055865921788,-0.2923076923076924,-0.09941520467836251,0.15500000000000003,-0.2857142857142857
1.0,-1.0,0.7909642616318273,-0.43448275862068964,0.7585139318885448,0.03333333333333344,0.3580246913580247,0.34020618556701043,0.0551181102362206,0.030303030303030276,-0.24022346368715075,-0.2923076923076924,0.2748538011695907,0.3899999999999999,0.04761904761904767
3.0,-1.0,0.8233310856372218,0.09310344827586214,0.6842105263157896,0.5666666666666667,0.19753086419753085,-0.2010309278350515,-0.7952755905511811,0.5151515151515151,-0.6927374301675977,-0.3307692307692308,0.040935672514619936,0.030000000000000027,-0.38095238095238093
1.0,-1.0,0.8907619689817936,-0.42068965517241375,0.368421052631579,0.06666666666666665,0.18518518518518512,0.365979381443299,-0.08267716535433067,-0.21212121212121215,0.1061452513966481,-0.27692307692307694,0.2163742690058481,0.7949999999999999,0.2321428571428572
1.0,-1.0,0.8961564396493595,-0.4379310344827586,0.4117647058823528,0.06666666666666665,0.5555555555555556,0.5463917525773196,0.24803149606299213,-0.2727272727272728,0.17318435754189943,-0.13076923076923075,0.2748538011695907,0.855,-0.0714285714285714
1.0,-1.0,0.940660822656777,-0.3551724137931034,0.51702786377709,-0.026666666666666727,0.18518518518518512,0.2886597938144331,-0.007874015748031482,-0.09090909090909094,0.1061452513966481,-0.1923076923076923,0.19298245614035103,0.79,0.5357142857142858
1.0,-1.0,0.8057990559676333,-0.3896551724137931,0.6222910216718267,0.07333333333333347,0.14814814814814814,0.4690721649484537,0.15748031496062986,0.030303030303030276,-0.1899441340782123,-0.2615384615384616,0.07602339181286566,0.6100000000000001,0.42261904761904767
2.0,-1.0,0.6817262306136211,-0.4758620689655172,0.36222910216718285,0.2666666666666666,1.0,0.2886597938144331,-0.10629921259842523,-0.030303030303030276,0.8324022346368714,-0.6,0.35672514619883033,0.31499999999999995,0.11547619047619051
2.0,-1.0,0.6008091706001348,0.4862068965517241,0.47987616099071206,0.3999999999999999,0.012345679012345734,0.4742268041237112,0.19291338582677153,-0.36363636363636365,0.6256983240223464,-0.5692307692307692,-0.12280701754385959,0.8200000000000001,-0.5476190476190477
3.0,-1.0,0.8179366149696561,-0.4241379310344827,0.6346749226006192,0.5,0.09876543209876543,0.34020618556701043,-0.5669291338582677,0.5757575757575757,0.2793296089385475,0.8076923076923077,-0.33333333333333337,-0.10999999999999999,-0.26190476190476186
3.0,-1.0,0.7275792312879299,-0.20344827586206893,0.4860681114551084,0.6000000000000001,0.2098765432098766,-0.4072164948453608,-0.5708661417322834,-0.18181818181818177,-0.5363128491620113,-0.12307692307692308,-0.22807017543859642,-0.31999999999999995,-0.33333333333333337
3.0,-1.0,0.7289278489548214,0.16206896551724137,0.4241486068111453,0.30000000000000004,0.08641975308641969,-0.2371134020618556,-0.7401574803149606,0.21212121212121215,-0.45810055865921795,0.5784615384615384,-0.1578947368421053,-0.125,-0.18452380952380953
2.0,-1.0,0.6520566419420095,-0.403448275862069,0.31269349845201244,0.2666666666666666,-0.012345679012345734,-0.14948453608247425,-0.20078740157480324,0.1212121212121211,-0.08938547486033532,-0.4769230769230769,0.16959064327485374,0.585,-0.3928571428571429
2.0,-1.0,0.7990559676331759,-0.6758620689655173,0.4613003095975232,0.1333333333333333,0.3580246913580247,0.3041237113402062,-0.4881889763779528,0.6666666666666667,-0.7653631284916201,-0.5123076923076924,0.19298245614035103,-0.03500000000000003,-0.1071428571428571
1.0,-1.0,0.8651382333108564,-0.45862068965517233,0.6222910216718267,0.33333333333333326,0.4197530864197532,0.5206185567010311,0.3385826771653542,0.21212121212121215,-0.03910614525139666,0.01538461538461533,0.3216374269005846,0.2849999999999999,0.34523809523809534
1.0,-1.0,0.9190829399865139,-0.41034482758620694,0.5046439628482973,0.040000000000000036,0.5679012345679013,0.44329896907216493,0.20472440944881898,-0.1515151515151515,0.2793296089385475,-0.13230769230769235,0.2163742690058481,0.96,0.2678571428571428
3.0,-1.0,0.7248819959541468,-0.07931034482758625,0.5356037151702786,0.46666666666666656,0.382716049382716,-0.2371134020618556,-0.4645669291338582,-0.2727272727272728,-0.2960893854748603,0.6615384615384616,-0.4385964912280702,-0.265,-0.4285714285714286
2.0,-1.0,0.657451112609575,0.09310344827586214,0.368421052631579,0.19999999999999996,0.08641975308641969,0.4690721649484537,0.1771653543307088,0.36363636363636354,0.5698324022346368,-0.6461538461538462,0.6608187134502923,0.41500000000000004,-0.5166666666666666
3.0,-1.0,0.6965610249494267,-0.5551724137931034,0.30030959752321995,0.33333333333333326,0.27160493827160503,-0.2371134020618556,-0.7716535433070866,0.606060606060606,-0.2178770949720671,0.16923076923076907,-0.32163742690058483,-0.22499999999999998,-0.23809523809523814
1.0,-1.0,0.913688469318948,-0.4517241379310344,0.5356037151702786,0.10000000000000009,0.33333333333333326,0.7010309278350515,0.5472440944881891,-0.030303030303030276,0.03910614525139677,0.33846153846153837,0.4385964912280702,0.4099999999999999,1.0
2.0,-1.0,0.6682400539447066,-0.6310344827586207,0.30030959752321995,0.2333333333333334,0.08641975308641969,0.8144329896907216,0.47637795275590555,-0.2727272727272728,0.0893854748603351,-0.3076923076923077,0.2163742690058481,0.385,-0.2142857142857143
3.0,-1.0,0.7842211732973703,0.13793103448275867,0.4117647058823528,0.2333333333333334,0.2098765432098766,-0.07216494845360821,-0.6732283464566929,0.8484848484848484,0.04469273743016755,0.6184615384615384,-0.3450292397660818,-0.245,-0.1964285714285714
2.0,-1.0,0.585974376264329,-0.07586206896551717,0.8080495356037152,0.33333333333333326,0.27160493827160503,-0.09793814432989689,-0.20078740157480324,0.8181818181818181,-0.4134078212290503,-0.41538461538461546,0.4385964912280702,0.25,-0.2773809523809524
2.0,-1.0,0.6763317599460552,-0.4724137931034482,0.41795665634674917,0.43333333333333335,0.06172839506172845,0.41237113402061865,0.24015748031496065,0.18181818181818188,-0.011173184357541888,-0.39384615384615385,-0.19298245614035092,0.41999999999999993,-0.5809523809523809
3.0,-1.0,0.7761294672960215,-0.10689655172413792,0.4674922600619196,0.33333333333333326,0.4814814814814814,-0.14948453608247425,-0.7322834645669292,0.606060606060606,-0.18435754189944142,0.4307692307692308,-0.29824561403508776,-0.18999999999999995,0.0
1.0,-1.0,0.8516520566419421,-0.48275862068965514,0.6718266253869971,0.5,0.24691358024691357,0.5463917525773196,0.27952755905511806,-0.12121212121212133,0.32960893854748585,-0.12307692307692308,0.39181286549707606,0.355,0.5297619047619047
2.0,-1.0,0.7680377612946729,-0.6517241379310345,0.05263157894736836,0.0,-0.03703703703703709,0.5360824742268042,0.25196850393700787,-0.21212121212121215,0.2737430167597763,-0.18461538461538463,0.3099415204678364,0.5900000000000001,-0.4023809523809524
2.0,-1.0,0.5900202292650032,-0.2655172413793103,0.7213622291021671,0.8999999999999999,0.1358024691358024,0.09793814432989678,-0.11811023622047234,0.7575757575757573,-0.016759776536312887,-0.5384615384615384,0.13450292397660824,0.21999999999999997,-0.4452380952380952
2.0,-1.0,0.6183412002697235,-0.6827586206896552,0.23839009287925705,0.2666666666666666,0.06172839506172845,0.24742268041237114,-0.11023622047244108,-0.09090909090909094,-0.2011173184357542,-0.6153846153846154,0.6140350877192982,0.56,-0.6690476190476191
1.0,-1.0,0.9393122049898854,-0.3551724137931034,0.4736842105263157,-0.19999999999999996,0.2592592592592593,0.7010309278350515,0.4330708661417324,-0.12121212121212133,0.6536312849162011,0.15384615384615374,0.4035087719298245,0.5,0.8416666666666666
1.0,-1.0,0.7747808496291302,-0.18620689655172418,0.653250773993808,0.24,0.24691358024691357,0.44329896907216493,0.27559055118110254,-0.09090909090909094,0.5698324022346368,-0.12615384615384617,0.20467836257309946,0.585,0.4107142857142858
3.0,-1.0,0.8664868509777477,0.42068965517241397,0.4736842105263157,0.30000000000000004,0.09876543209876543,-0.07216494845360821,-0.6732283464566929,0.45454545454545436,-0.12849162011173187,0.38615384615384607,-0.33333333333333337,-0.18000000000000005,-0.4285714285714286
2.0,-1.0,0.6682400539447066,-0.4379310344827586,0.4241486068111453,0.6333333333333333,0.08641975308641969,0.14432989690721665,-0.03543307086614167,0.21212121212121215,0.06145251396648033,-0.6738461538461538,0.040935672514619936,0.3899999999999999,-0.5928571428571429
3.0,-1.0,0.9096426163182738,-0.1344827586206897,0.5356037151702786,0.33333333333333326,0.1234567901234569,-0.134020618556701,-0.7244094488188977,0.33333333333333326,-0.3072625698324023,0.4923076923076921,-0.2748538011695907,-0.14500000000000002,-0.2142857142857143
1.0,-1.0,0.8381658799730278,-0.3758620689655172,0.6718266253869971,0.14666666666666672,0.382716049382716,0.4690721649484537,0.14566929133858264,-0.09090909090909094,-0.18435754189944142,0.12307692307692308,0.497076023391813,0.43999999999999995,0.5595238095238095
1.0,-1.0,0.8637896156439651,-0.39655172413793105,0.4984520123839009,-0.06666666666666665,0.37037037037037046,1.0,0.4724409448818898,-0.030303030303030276,0.04469273743016755,0.08461538461538454,0.18128654970760238,0.6299999999999999,0.41666666666666674
1.0,-1.0,0.7599460552933244,-0.2931034482758621,0.9938080495356039,0.6666666666666667,0.5308641975308641,0.3556701030927836,0.0551181102362206,0.4242424242424241,0.07262569832402233,-0.4492307692307692,0.3216374269005846,0.6000000000000001,-0.011904761904761862
3.0,-1.0,0.8071476736345247,0.34827586206896566,0.5356037151702786,0.5333333333333334,0.2592592592592593,-0.07216494845360821,-0.704724409448819,0.303030303030303,-0.2122905027932962,0.12307692307692308,-0.18128654970760238,-0.21999999999999997,-0.1071428571428571
2.0,-1.0,0.5940660822656778,-0.49310344827586206,0.2321981424148607,0.3866666666666667,0.06172839506172845,0.020618556701030855,-0.3700787401574803,-0.09090909090909094,-0.14525139664804465,-0.7,0.11111111111111116,0.665,-0.4107142857142857
2.0,-1.0,0.6480107889413351,-0.5551724137931034,0.20123839009287914,0.2666666666666666,0.1358024691358024,0.21649484536082464,-0.19685039370078738,0.18181818181818188,0.16201117318435765,-0.5846153846153845,0.005847953216374213,0.51,-0.6285714285714286
2.0,-1.0,0.6291301416048549,-0.5206896551724138,0.5479876160990713,0.5,0.03703703703703698,0.31958762886597936,-0.09842519685039375,0.303030303030303,-0.4189944134078212,-0.5538461538461539,0.08771929824561409,0.595,-0.5416666666666667
1.0,-1.0,0.9042481456507079,-0.4896551724137931,0.436532507739938,0.1200000000000001,0.1728395061728396,0.13402061855670122,-0.04330708661417315,-0.21212121212121215,-0.12290502793296088,-0.23076923076923073,0.368421052631579,0.4099999999999999,0.5238095238095237
2.0,-1.0,0.8691840863115305,-0.47931034482758617,0.653250773993808,0.6666666666666667,0.06172839506172845,0.5206185567010311,0.12598425196850394,-0.36363636363636365,0.04469273743016755,-0.48,0.5906432748538013,0.5800000000000001,-0.5119047619047619
2.0,-1.0,0.6992582602832096,-0.5379310344827586,0.17647058823529416,0.2333333333333334,0.08641975308641969,-0.25257731958762886,-0.4645669291338582,-0.12121212121212133,-0.24581005586592175,-0.6230769230769231,0.2163742690058481,0.385,-0.330952380952381
3.0,-1.0,0.8138907619689817,0.27586206896551735,0.6099071207430342,0.5333333333333334,0.37037037037037046,-0.12371134020618557,-0.6377952755905512,0.303030303030303,-0.18435754189944142,0.6430769230769231,-0.005847953216374324,-0.21999999999999997,-0.17261904761904767
1.0,-1.0,0.7599460552933244,-0.3896551724137931,0.30030959752321995,0.1333333333333333,0.32098765432098775,0.5463917525773196,0.1811023622047243,-0.1515151515151515,0.13407821229050265,-0.22461538461538466,0.029239766081871288,0.675,0.0535714285714286
1.0,-1.0,0.8556979096426163,-0.4724137931034482,0.6718266253869971,0.30000000000000004,0.6296296296296295,0.5206185567010311,0.07874015748031504,0.5151515151515151,-0.24581005586592175,-0.16923076923076918,0.4619883040935673,0.5,0.47023809523809534
2.0,-1.0,0.6291301416048549,-0.5413793103448276,0.4241486068111453,0.5733333333333335,-0.13580246913580252,0.13402061855670122,-0.37401574803149606,0.2727272727272727,-0.22905027932960897,-0.7323076923076923,0.2514619883040936,0.605,-0.25595238095238093
2.0,-1.0,0.6399190829399866,-0.44482758620689655,0.4303405572755419,0.52,0.11111111111111116,-0.08247422680412364,-0.33464566929133865,0.303030303030303,-0.12849162011173187,-0.6230769230769231,0.5555555555555556,0.1299999999999999,-0.4107142857142857
1.0,-1.0,0.7923128792987186,-0.32068965517241377,0.6594427244582044,0.1200000000000001,0.2592592592592593,0.5463917525773196,0.2716535433070866,-0.06060606060606066,-0.07262569832402244,-0.07692307692307687,0.2514619883040936,0.41999999999999993,0.5119047619047619
1.0,-1.0,0.7855697909642616,-0.10689655172413792,0.7770897832817338,0.3999999999999999,0.45679012345679015,0.44329896907216493,0.059055118110236116,0.18181818181818188,0.016759776536312776,-0.3353846153846154,0.2163742690058481,0.4650000000000001,-0.125
3.0,-1.0,0.7761294672960215,0.7896551724137932,0.436532507739938,0.46666666666666656,0.14814814814814814,-0.1030927835051546,-0.7519685039370079,0.8484848484848484,-0.13407821229050276,0.2153846153846155,-0.29824561403508776,-0.26,-0.13690476190476186
2.0,-1.0,0.7518543492919758,-0.4241379310344827,0.6099071207430342,1.0,0.7160493827160495,0.7010309278350515,0.13779527559055116,-0.36363636363636365,0.0949720670391061,-0.48461538461538456,0.5321637426900585,0.75,0.17261904761904767
1.0,-1.0,0.7329737019554956,-0.4482758620689655,0.5603715170278638,0.18666666666666676,0.1728395061728396,0.27835051546391765,-0.06692913385826771,-0.21212121212121215,-0.18435754189944142,-0.39538461538461533,0.2748538011695907,0.815,0.20833333333333326
1.0,-1.0,0.8651382333108564,-0.43103448275862066,0.6099071207430342,0.14666666666666672,0.16049382716049387,0.2628865979381445,0.1771653543307088,-0.33333333333333337,0.2793296089385475,-0.13846153846153852,0.45029239766081863,0.685,0.5059523809523809
2.0,-1.0,0.7127444369521239,0.33448275862068977,0.4860681114551084,0.5333333333333334,0.24691358024691357,0.4587628865979383,0.003937007874015741,0.303030303030303,0.0893854748603351,-0.6046153846153847,0.39181286549707606,0.565,-0.44880952380952377
3.0,-1.0,0.8314227916385704,-0.1103448275862069,0.6656346749226005,0.6333333333333333,0.2962962962962963,-0.2010309278350515,-0.6692913385826772,0.18181818181818188,-0.13966480446927376,0.3323076923076924,-0.13450292397660812,-0.09999999999999998,-0.1071428571428571
3.0,-1.0,0.6898179366149695,0.8999999999999999,0.6346749226006192,0.6666666666666667,0.18518518518518512,-0.07731958762886593,-0.7637795275590551,0.909090909090909,-0.3854748603351955,-0.23076923076923073,-0.040935672514619936,-0.15500000000000003,-0.38690476190476186
3.0,-1.0,0.7343223196223869,-0.5344827586206896,0.436532507739938,0.19999999999999996,0.5061728395061729,-0.22164948453608246,-0.5078740157480315,-0.36363636363636365,-0.4748603351955307,-0.36923076923076925,-0.11111111111111105,-0.355,-0.25
1.0,-1.0,0.901550910316925,-0.3034482758620689,0.4860681114551084,0.2533333333333334,0.27160493827160503,0.41752577319587636,0.14960629921259838,-0.030303030303030276,0.32960893854748585,-0.0461538461538461,0.2514619883040936,0.375,0.26190476190476186
3.0,-1.0,0.645313553607552,0.04482758620689653,0.436532507739938,0.2666666666666666,0.18518518518518512,-0.35567010309278346,-0.8070866141732284,0.21212121212121215,-0.5921787709497207,-0.15384615384615385,-0.22807017543859642,-0.08499999999999996,-0.3928571428571429
3.0,-1.0,0.6992582602832096,-0.15172413793103445,0.36222910216718285,0.2333333333333334,0.16049382716049387,-0.1649484536082474,-0.7401574803149606,0.909090909090909,-0.4748603351955307,0.0923076923076922,-0.14619883040935677,-0.20999999999999996,-0.17261904761904767
1.0,-1.0,0.8799730276466622,-0.403448275862069,0.4055727554179567,0.15999999999999992,0.33333333333333326,0.48453608247422686,0.39370078740157477,-0.030303030303030276,0.16201117318435765,0.36923076923076925,0.3099415204678364,0.55,0.5
1.0,-1.0,0.7599460552933244,-0.403448275862069,0.26315789473684204,-0.17333333333333334,0.1358024691358024,0.4020618556701032,0.28740157480314954,-0.48484848484848486,0.6256983240223464,0.10769230769230775,0.3099415204678364,0.45500000000000007,0.36904761904761907
2.0,-1.0,0.6628455832771409,-0.6206896551724137,0.4117647058823528,0.06666666666666665,0.24691358024691357,0.05670103092783507,-0.5708661417322834,0.909090909090909,-0.770949720670391,-0.4969230769230769,0.4619883040935673,-0.16500000000000004,-0.19047619047619047
1.0,-1.0,0.8395144976399191,0.06896551724137945,0.585139318885449,0.013333333333333197,0.4320987654320987,0.3917525773195878,0.19291338582677153,-0.48484848484848486,-0.07262569832402244,-0.2153846153846154,0.12280701754385959,0.6799999999999999,0.005952380952380931
2.0,-1.0,0.657451112609575,-0.024137931034482696,0.37461300309597534,0.19999999999999996,0.08641975308641969,0.2628865979381445,-0.11417322834645671,-0.24242424242424243,0.11173184357541888,-0.6692307692307693,0.3450292397660817,0.6499999999999999,-0.6547619047619048
1.0,-1.0,0.9177343223196224,-0.4137931034482759,0.4241486068111453,0.08666666666666667,0.45679012345679015,0.6494845360824744,0.1811023622047243,-0.21212121212121215,0.13407821229050265,-0.01846153846153853,0.09941520467836251,0.655,0.15476190476190466
2.0,-1.0,0.5657451112609575,-0.5344827586206896,0.6718266253869971,0.33333333333333326,0.16049382716049387,0.41237113402061865,0.14960629921259838,-0.12121212121212133,0.3910614525139666,-0.5923076923076923,0.12280701754385959,0.6299999999999999,-0.19047619047619047
2.0,-1.0,0.6237356709372892,0.48275862068965525,0.4736842105263157,0.46666666666666656,-0.012345679012345734,0.08247422680412386,-0.3110236220472441,0.2727272727272727,-0.24581005586592175,-0.6,-0.07602339181286544,0.2849999999999999,-0.30952380952380953
3.0,-1.0,0.8192852326365476,0.23793103448275854,0.35603715170278627,0.30000000000000004,0.08641975308641969,-0.1649484536082474,-0.8110236220472441,0.7575757575757573,-0.5083798882681565,-0.12307692307692308,-0.05263157894736836,-0.08999999999999997,-0.30952380952380953
3.0,-1.0,0.722184760620364,-0.17586206896551715,0.4117647058823528,0.30000000000000004,0.06172839506172845,-0.28350515463917525,-0.7992125984251969,0.45454545454545436,-0.6424581005586592,0.5230767692307694,-0.33333333333333337,-0.18500000000000005,-0.44047619047619047
2.0,-1.0,0.6628455832771409,-0.6586206896551724,0.2074303405572755,-0.013333333333333308,0.6790123456790123,-0.020618556701030966,-0.2716535433070866,0.06060606060606055,0.541899441340782,-0.4769230769230769,0.23976608187134518,0.15500000000000003,-0.1071428571428571
1.0,-1.0,0.8503034389750506,-0.506896551724138,0.5479876160990713,0.11333333333333329,0.33333333333333326,0.7525773195876289,0.4448818897637794,-0.4242424242424243,0.13966480446927365,0.04615384615384621,0.040935672514619936,0.43500000000000005,0.5297619047619047
2.0,-1.0,0.5967633175994604,-0.693103448275862,0.5975232198142415,0.19999999999999996,0.16049382716049387,0.13402061855670122,-0.12992125984251968,-0.33333333333333337,0.3128491620111733,-0.5307692307692308,-0.07602339181286544,0.54,-0.38095238095238093
2.0,-1.0,0.7113958192852325,-0.4724137931034482,0.3993808049535603,0.3799999999999999,-0.012345679012345734,-0.2886597938144331,-0.4251968503937008,0.7575757575757573,-0.0949720670391061,-0.5307692307692308,0.12280701754385959,0.030000000000000027,-0.4107142857142857
